kinematics:
  shoulder:
    x: 0
    y: 0
    z: 0.1626468759881314
    roll: -0
    pitch: 0
    yaw: 1.240483717135366e-08
  upper_arm:
    x: -3.850546278510886e-05
    y: 0
    z: 0
    roll: 1.570807065865446
    pitch: 0
    yaw: 1.021509012733693e-06
  forearm:
    x: -0.4250767428201023
    y: 0
    z: 0
    roll: 3.139739980294319
    pitch: 3.141451696860547
    yaw: 3.141580219884179
  wrist_1:
    x: -0.3922297144311598
    y: -0.001281215801354395
    z: 0.1337385525045627
    roll: 0.009579710445240384
    pitch: 0.001159860503173307
    yaw: -1.283411864945826e-06
  wrist_2:
    x: 0.0001328462026134939
    y: -0.09969687187932734
    z: 4.796742469518228e-05
    roll: 1.570315194136573
    pitch: 0
    yaw: 1.511577271127648e-06
  wrist_3:
    x: -3.007296954383777e-05
    y: 0.09942585849319349
    z: 9.985870037636949e-05
    roll: 1.571800679870777
    pitch: 3.141592653589793
    yaw: 3.141592650451089
  hash: calib_6517967250037751421